# thermodynamic weights of orbital multiplets (columns)
# for each NRG iteration (rows)
# iteration | temperature | (0, "A1", 0.0, 1) | (1, "E", 0.5, 1) | (2, "E", 0.0, 1) | (2, "A1", 0.0, 1) | (2, "A2", 1.0, 1) | (3, "E", 0.5, 1) | (4, "A1", 0.0, 1)
1	0.49708765790402976	0.02958601545211143	0.17375326022723392	0.02993974547460562	0.04126521869833092	0.4289276687284908	0.23918666981594514	0.05734142160328164
2	0.22230435876991422	0.022388447648149803	0.15667535554767648	0.024284152368639723	0.033496191444593454	0.4874652151610062	0.2259723345814884	0.049718303248445776
3	0.09941753158080596	0.021578429466695564	0.15555204682591553	0.023820555196186984	0.032105208585571414	0.49778289867516295	0.2221849533456761	0.046975907904790185
4	0.04446087175398285	0.02174300114418831	0.15605824772346763	0.02402048003295343	0.03228942745023187	0.496405618379225	0.222490654785257	0.046992570484677976
5	0.019883506316161193	0.021868243796969757	0.15628579959879746	0.024198593375369865	0.03253848576356935	0.49442830276113225	0.2232598303267842	0.04742074437737703
6	0.00889217435079657	0.02192484945413015	0.15638078884423917	0.02428160062710486	0.03265673680095426	0.4934855007330148	0.22363566376813138	0.04763485977242502
7	0.003976701263232238	0.021951369678641048	0.15642267706945312	0.024321923919424643	0.03271433180304712	0.4930250704285283	0.2238226644526787	0.047741962648228976
8	0.001778434870159314	0.02195971122537328	0.15643591926822734	0.024334544895842358	0.03273236236544207	0.4928810414965674	0.2238810030741747	0.04777541767437372
9	0.0007953402526464477	0.021961476874515596	0.15643864737718877	0.02433726984580086	0.03273625498232169	0.4928498652118441	0.22389376309416736	0.04778272261416218
10	0.0003556869740318628	0.02196173780184404	0.15643903775837065	0.024337681884423853	0.03273684351361007	0.4928451375083999	0.2238957206981204	0.047783840835232065
11	0.00015906805052928952	0.02196175570464886	0.15643906285326498	0.024337711386560698	0.03273688564381633	0.4928447972446437	0.22389586449941756	0.047783922667646785
12	7.113739480637255e-5	0.021961755908205646	0.15643905897575638	0.024337714714748864	0.03273689038810136	0.4928447548822525	0.22389588910354144	0.047783936027391824
13	3.1813610105857906e-5	0.021961755758891737	0.1564390580508409	0.024337714982974795	0.03273689076967342	0.49284475110460557	0.22389589185175435	0.04778393748126181
14	1.422747896127451e-5	0.021961755597789605	0.15643905738266245	0.02433771503547849	0.03273689084375764	0.49284475007660333	0.22389589299817667	0.04778393806553173
15	6.36272202117158e-6	0.021961755605843715	0.15643905740885275	0.02433771503803495	0.0327368908474382	0.4928447500613318	0.2238958929806444	0.047783938057853845
16	2.8454957922549024e-6	0.021961755592137158	0.15643905735449212	0.0243377150407153	0.03273689085119485	0.49284474999685685	0.22389589306446545	0.04778393810013888
17	1.2725444042343162e-6	0.02196175559448515	0.15643905736362473	0.024337715040385375	0.032736890850735716	0.49284475000623496	0.22389589305109947	0.047783938093432524
18	5.690991584509805e-7	0.021961755593209585	0.15643905735860933	0.024337715040603444	0.03273689085104055	0.492844750000643	0.2238958930586577	0.04778393809723721
19	2.5450888084686326e-7	0.02196175559348898	0.15643905735970448	0.02433771504055785	0.032736890850976995	0.4928447500018373	0.2238958930570203	0.04778393809641349
20	1.1381983169019608e-7	0.021961755593359562	0.1564390573591961	0.024337715040579595	0.03273689085100717	0.4928447500012765	0.2238958930577821	0.04778393809679731
21	5.090177616937265e-8	0.02196175559338938	0.15643905735931363	0.024337715040574647	0.032736890851000185	0.4928447500014048	0.22389589305760826	0.04778393809670884
22	2.2763966338039216e-8	0.02196175559337609	0.1564390573592599	0.0243377150405768	0.03273689085100313	0.4928447500013469	0.22389589305768653	0.047783938096748774
23	1.0180355233874528e-8	0.021961755593379113	0.15643905735927233	0.024337715040576254	0.032736890851002586	0.49284475000136235	0.22389589305766824	0.0477839380967394
24	4.5527932676078435e-9	0.0219617555933777	0.15643905735926691	0.024337715040576514	0.03273689085100273	0.4928447500013562	0.2238958930576761	0.04778393809674375
25	2.036071046774906e-9	0.021961755593378058	0.15643905735926888	0.02433771504057655	0.03273689085100278	0.49284475000135686	0.22389589305767407	0.04778393809674267
26	9.105586535215687e-10	0.021961755593377846	0.15643905735926783	0.02433771504057639	0.03273689085100284	0.49284475000135747	0.22389589305767538	0.04778393809674313
27	4.072142093549812e-10	0.02196175559337789	0.1564390573592682	0.02433771504057665	0.03273689085100299	0.4928447500013565	0.22389589305767568	0.04778393809674305
28	1.8211173070431372e-10	0.021961755593377846	0.156439057359268	0.024337715040576486	0.032736890851002745	0.4928447500013586	0.22389589305767457	0.04778393809674293
29	8.144284187099624e-11	0.021961755593377888	0.15643905735926852	0.024337715040576576	0.03273689085100286	0.49284475000135813	0.2238958930576758	0.04778393809674316
30	3.642234614086275e-11	0.02196175559337787	0.1564390573592678	0.024337715040576573	0.03273689085100278	0.4928447500013582	0.22389589305767588	0.04778393809674312
31	1.6288568374199248e-11	0.021961755593377923	0.1564390573592675	0.024337715040576503	0.03273689085100285	0.49284475000135675	0.2238958930576753	0.047783938096742896
32	7.28446922817255e-12	0.02196175559337788	0.15643905735926836	0.02433771504057653	0.032736890851002905	0.4928447500013583	0.22389589305767524	0.0477839380967431
33	3.2577136748398492e-12	0.021961755593377923	0.1564390573592676	0.024337715040576583	0.032736890851002926	0.49284475000135847	0.22389589305767538	0.047783938096743334
34	1.45689384563451e-12	0.021961755593377895	0.15643905735926897	0.02433771504057655	0.03273689085100285	0.49284475000135514	0.22389589305767446	0.04778393809674303
35	6.515427349679699e-13	0.021961755593377725	0.1564390573592684	0.024337715040576562	0.032736890851002974	0.4928447500013557	0.22389589305767554	0.04778393809674313
36	2.91378769126902e-13	0.021961755593377912	0.15643905735926794	0.024337715040576524	0.0327368908510029	0.4928447500013604	0.22389589305767585	0.047783938096742924
37	1.30308546993594e-13	0.02196175559337788	0.15643905735926814	0.02433771504057652	0.03273689085100282	0.49284475000135836	0.2238958930576743	0.04778393809674316
38	5.827575382538039e-14	0.02196175559337779	0.15643905735926744	0.024337715040576538	0.03273689085100289	0.4928447500013573	0.22389589305767602	0.047783938096743146
39	2.6061709398718795e-14	0.021961755593377846	0.1564390573592675	0.024337715040576458	0.032736890851003016	0.49284475000135697	0.22389589305767416	0.04778393809674306
40	1.165515076507608e-14	0.021961755593377777	0.15643905735926752	0.02433771504057667	0.03273689085100286	0.49284475000135575	0.22389589305767482	0.04778393809674308
41	5.2123418797437585e-15	0.021961755593377923	0.15643905735926794	0.02433771504057651	0.03273689085100293	0.4928447500013576	0.22389589305767515	0.04778393809674309
42	2.331030153015216e-15	0.021961755593377784	0.15643905735926794	0.024337715040576496	0.032736890851002835	0.49284475000135824	0.223895893057675	0.047783938096743014
43	1.0424683759487516e-15	0.02196175559337791	0.15643905735926808	0.02433771504057647	0.03273689085100297	0.4928447500013599	0.22389589305767488	0.047783938096743105
44	4.662060306030431e-16	0.021961755593377888	0.15643905735926875	0.024337715040576514	0.03273689085100305	0.49284475000135713	0.2238958930576753	0.047783938096743
45	2.0849367518975037e-16	0.021961755593377933	0.15643905735926872	0.02433771504057645	0.03273689085100296	0.4928447500013584	0.2238958930576753	0.04778393809674285
46	9.324120612060864e-17	0.021961755593377683	0.15643905735926825	0.024337715040576448	0.03273689085100284	0.4928447500013608	0.22389589305767507	0.04778393809674316
47	4.169873503795007e-17	0.021961755593377826	0.156439057359269	0.02433771504057665	0.03273689085100292	0.49284475000135886	0.22389589305767568	0.047783938096742945
48	1.8648241224121727e-17	0.021961755593377746	0.15643905735926678	0.024337715040576417	0.03273689085100279	0.49284475000135586	0.223895893057676	0.047783938096742966
49	8.339747007590013e-18	0.02196175559337794	0.1564390573592692	0.02433771504057653	0.03273689085100282	0.4928447500013548	0.223895893057675	0.047783938096742855
50	3.729648244824346e-18	0.021961755593377853	0.15643905735926858	0.024337715040576417	0.03273689085100303	0.49284475000135375	0.22389589305767524	0.04778393809674313
51	1.667949401518003e-18	0.02196175559337777	0.15643905735926747	0.024337715040576434	0.032736890851002926	0.49284475000135475	0.22389589305767552	0.04778393809674293
52	7.459296489648691e-19	0.021961755593377753	0.15643905735926797	0.024337715040576535	0.0327368908510029	0.49284475000135736	0.22389589305767385	0.04778393809674296
53	3.335898803036006e-19	0.021961755593377787	0.156439057359268	0.024337715040576635	0.03273689085100319	0.4928447500013555	0.22389589305767532	0.04778393809674294
54	1.4918592979297383e-19	0.02196175559337779	0.15643905735926883	0.024337715040576417	0.0327368908510029	0.49284475000135713	0.2238958930576733	0.04778393809674296
55	6.671797606072011e-20	0.021961755593377794	0.15643905735926855	0.024337715040576465	0.032736890851002884	0.4928447500013533	0.22389589305767574	0.04778393809674277
56	2.9837185958594764e-20	0.021961755593377895	0.1564390573592676	0.024337715040576607	0.032736890851002856	0.49284475000135813	0.22389589305767457	0.047783938096742876
57	1.3343595212144022e-20	0.021961755593377805	0.15643905735926694	0.024337715040576535	0.032736890851002946	0.4928447500013555	0.22389589305767435	0.047783938096742744
58	5.967437191718953e-21	0.021961755593377923	0.1564390573592678	0.02433771504057633	0.032736890851002814	0.4928447500013572	0.2238958930576758	0.04778393809674327
59	2.6687190424288044e-21	0.02196175559337786	0.1564390573592693	0.024337715040576618	0.032736890851002926	0.4928447500013568	0.22389589305767554	0.04778393809674311
60	1.1934874383437905e-21	0.021961755593377888	0.1564390573592676	0.024337715040576448	0.03273689085100292	0.49284475000135747	0.2238958930576745	0.04778393809674304
61	5.3374380848576095e-22	0.021961755593377784	0.1564390573592667	0.024337715040576403	0.0327368908510028	0.4928447500013603	0.2238958930576753	0.04778393809674309
62	2.386974876687581e-22	0.021961755593377902	0.15643905735926736	0.024337715040576448	0.03273689085100291	0.4928447500013577	0.22389589305767424	0.04778393809674319
63	1.067487616971522e-22	0.021961755593377753	0.15643905735926722	0.02433771504057638	0.03273689085100309	0.49284475000135325	0.22389589305767604	0.047783938096743056
64	4.773949753375162e-23	0.021961755593377805	0.15643905735926797	0.024337715040576274	0.03273689085100256	0.49284475000135614	0.22389589305767368	0.047783938096742654
65	2.134975233943044e-23	0.02196175559337779	0.15643905735926678	0.024337715040576507	0.032736890851003175	0.4928447500013571	0.22389589305767504	0.047783938096742896
66	9.547899506750324e-24	0.02196175559337789	0.1564390573592663	0.024337715040576524	0.03273689085100293	0.49284475000135275	0.2238958930576758	0.04778393809674259
67	4.2699504678860875e-24	0.021961755593377725	0.15643905735926794	0.024337715040576337	0.03273689085100296	0.4928447500013554	0.22389589305767493	0.04778393809674297
68	1.909579901350065e-24	0.02196175559337784	0.15643905735926703	0.02433771504057631	0.03273689085100312	0.4928447500013562	0.22389589305767627	0.04778393809674284
69	8.539900935772174e-25	0.0219617555933779	0.1564390573592673	0.024337715040576406	0.03273689085100303	0.4928447500013579	0.22389589305767502	0.04778393809674301
70	3.81915980270013e-25	0.021961755593377836	0.1564390573592676	0.024337715040576465	0.032736890851003016	0.49284475000135614	0.22389589305767546	0.04778393809674298
71	1.707980187154435e-25	0.021961755593377832	0.15643905735926783	0.02433771504057645	0.032736890851003016	0.4928447500013605	0.22389589305767507	0.04778393809674311
72	7.63831960540026e-26	0.021961755593377912	0.15643905735926802	0.024337715040576517	0.03273689085100274	0.4928447500013564	0.22389589305767535	0.04778393809674311
73	3.4159603743088695e-26	0.02196175559337783	0.15643905735926886	0.024337715040576576	0.03273689085100309	0.4928447500013565	0.2238958930576753	0.04778393809674262
74	1.527663921080052e-26	0.021961755593377884	0.15643905735926888	0.02433771504057658	0.032736890851002974	0.4928447500013567	0.22389589305767454	0.047783938096743146
75	6.83192074861774e-27	0.021961755593377957	0.1564390573592679	0.024337715040576476	0.0327368908510029	0.49284475000135963	0.22389589305767563	0.047783938096743146
76	3.0553278421601038e-27	0.0219617555933778	0.15643905735926852	0.024337715040576535	0.03273689085100295	0.49284475000135725	0.22389589305767624	0.0477839380967428
77	1.366384149723548e-27	0.021961755593377978	0.15643905735926708	0.024337715040576646	0.03273689085100315	0.49284475000135886	0.2238958930576764	0.04778393809674269
78	6.110655684320208e-28	0.021961755593377746	0.15643905735926913	0.024337715040576472	0.03273689085100295	0.49284475000135713	0.22389589305767535	0.047783938096742834
79	2.732768299447096e-28	0.02196175559337776	0.15643905735926839	0.024337715040576302	0.032736890851002856	0.49284475000135985	0.2238958930576753	0.04778393809674293
80	1.2221311368640415e-28	0.021961755593377905	0.15643905735926772	0.024337715040576444	0.03273689085100306	0.4928447500013578	0.22389589305767327	0.047783938096743105
81	5.465536598894191e-29	0.02196175559337791	0.15643905735926808	0.024337715040576562	0.032736890851002856	0.4928447500013552	0.22389589305767507	0.0477839380967431
82	2.4442622737280829e-29	0.02196175559337788	0.15643905735926755	0.024337715040576535	0.032736890851002766	0.4928447500013579	0.22389589305767474	0.0477839380967428
83	1.0931073197788384e-29	0.02196175559337792	0.15643905735926875	0.02433771504057652	0.03273689085100292	0.49284475000135575	0.22389589305767454	0.04778393809674317
84	4.888524547456166e-30	0.021961755593377864	0.15643905735926844	0.024337715040576396	0.032736890851003085	0.4928447500013601	0.2238958930576759	0.04778393809674319
85	2.186214639557677e-30	0.0219617555933778	0.15643905735926822	0.024337715040576375	0.03273689085100324	0.49284475000135813	0.2238958930576739	0.047783938096743014
86	9.777049094912333e-31	0.021961755593377832	0.15643905735926775	0.024337715040576482	0.03273689085100283	0.4928447500013579	0.22389589305767457	0.0477839380967432
87	4.372429279115354e-31	0.021961755593377714	0.1564390573592682	0.024337715040576538	0.03273689085100287	0.4928447500013569	0.22389589305767377	0.047783938096743174
88	1.9554098189824663e-31	0.021961755593377808	0.15643905735926678	0.02433771504057647	0.032736890851003016	0.4928447500013586	0.22389589305767324	0.04778393809674315
89	8.744858558230706e-32	0.02196175559337783	0.15643905735926752	0.024337715040576524	0.032736890851002946	0.49284475000135686	0.2238958930576739	0.04778393809674297
90	3.910819637964933e-32	0.021961755593377902	0.15643905735926833	0.024337715040576465	0.03273689085100307	0.4928447500013559	0.22389589305767493	0.047783938096743285
91	1.7489717116461415e-32	0.021961755593377964	0.15643905735926758	0.024337715040576437	0.032736890851002884	0.4928447500013565	0.22389589305767468	0.047783938096743014
92	7.821639275929867e-33	0.021961755593377916	0.15643905735926808	0.024337715040576507	0.032736890851002884	0.492844750001359	0.22389589305767416	0.04778393809674291
93	3.497943423292283e-33	0.02196175559337793	0.15643905735926839	0.024337715040576493	0.03273689085100295	0.4928447500013557	0.22389589305767452	0.047783938096743035
94	1.5643278551859733e-33	0.021961755593377787	0.1564390573592679	0.024337715040576545	0.03273689085100288	0.4928447500013539	0.22389589305767504	0.04778393809674272
95	6.995886846584566e-34	0.021961755593377836	0.1564390573592678	0.024337715040576503	0.03273689085100302	0.4928447500013562	0.22389589305767402	0.047783938096742994
96	3.1286557103719463e-34	0.021961755593377895	0.1564390573592678	0.024337715040576406	0.0327368908510029	0.49284475000135686	0.22389589305767282	0.047783938096742834
97	1.3991773693169132e-34	0.02196175559337791	0.15643905735926794	0.024337715040576347	0.03273689085100301	0.4928447500013543	0.22389589305767296	0.047783938096743035
98	6.257311420743893e-35	0.021961755593377895	0.15643905735926789	0.02433771504057654	0.03273689085100307	0.4928447500013527	0.22389589305767527	0.047783938096743285
